# Created by Octave 6.4.0, Thu Dec 30 11:50:47 2021 CET <micromega@zenbook>
# name: trig
# type: matrix
# rows: 30
# columns: 3
 10 9 20
 19 10 20
 13 5 4
 21 19 20
 21 9 20
 21 8 9
 15 13 16
 15 13 12
 15 21 16
 15 21 19
 11 12 2
 11 19 10
 11 2 1
 11 10 1
 18 21 16
 18 21 8
 18 6 7
 18 8 7
 3 13 4
 3 13 12
 3 12 2
 17 13 16
 17 13 5
 17 6 5
 17 18 16
 17 18 6
 14 15 19
 14 11 19
 14 15 12
 14 11 12


